45 1
46 2
47 0
1135 1
48 1
457 2
1176 3
49 0
458 2
1178 3
459 3
460 2
51 1
52 1
462 1
463 0
464 3
456 2
54 2
55 0
303 0
1136 1
1137 2
466 1
467 0
513 2
468 1
1138 3
56 1
57 0
469 2
839 2
58 1
978 3
1139 3
514 2
59 2
353 2
470 1
841 3
471 1
1140 3
61 2
898 3
62 2
63 2
473 1
842 3
65 2
66 1
843 3
1141 2
1034 0
844 3
474 3
475 0
476 2
477 0
478 3
479 3
1187 3
68 3
480 0
845 3
1188 3
481 0
846 0
482 1
1189 3
1143 3
71 0
849 1
979 0
1144 3
850 1
851 2
72 3
852 2
1145 3
73 3
483 3
853 1
854 0
855 1
484 0
857 0
75 0
1147 3
485 0
486 0
77 1
487 1
78 0
79 1
80 1
1038 0
859 0
910 2
82 3
1002 2
83 0
860 1
434 1
861 0
821 1
488 0
85 0
461 2
86 0
984 1
489 3
863 2
864 1
1151 2
385 0
865 1
490 1
491 1
867 1
818 0
53 0
868 2
869 2
1153 2
87 3
870 3
492 1
89 0
403 3
90 0
493 1
907 0
873 0
494 0
874 2
875 0
1091 0
876 0
877 2
433 0
971 2
878 1
1154 3
879 0
987 2
495 0
1155 3
496 1
327 0
1156 1
497 0
1157 3
312 0
1158 3
93 3
822 0
881 3
882 2
499 2
1160 3
192 0
500 2
501 3
94 0
883 1
884 2
885 2
95 2
1161 3
886 0
1163 3
887 0
96 1
504 2
719 2
1041 0
781 2
505 3
98 0
889 1
1042 0
1165 3
1182 3
99 1
100 1
101 1
890 2
102 0
103 2
1167 3
1168 3
508 1
104 2
1169 3
509 2
510 3
892 2
105 0
893 0
1173 3
1174 3
106 0
894 0
1177 3
511 2
1179 3
895 0
896 0
108 0
41 1
1181 3
897 0
1183 3
1184 3
1185 3
1186 3
109 0
900 0
515 1
901 0
516 1
517 2
902 0
903 3
904 0
905 0
906 2
112 3
113 0
908 1
519 2
840 3
114 0
520 2
115 2
116 1
1055 1
909 0
117 1
911 1
118 1
176 0
119 1
912 3
913 1
914 0
1028 2
120 1
916 3
521 1
522 2
523 1
524 1
917 0
122 0
177 0
123 2
525 1
526 2
527 1
919 0
124 0
915 3
244 0
528 1
178 2
920 3
125 1
126 0
921 0
529 2
128 0
530 2
923 3
531 2
924 0
532 2
925 1
245 3
926 1
533 2
927 1
928 1
534 0
129 0
130 3
929 3
930 0
121 0
931 2
131 0
932 1
537 2
538 2
539 3
132 1
133 1
933 0
472 2
541 2
934 0
542 2
543 2
135 1
136 1
935 0
137 0
138 0
937 2
1175 2
544 1
939 1
64 2
545 1
139 2
546 0
941 0
547 1
140 1
141 3
142 1
143 0
144 1
945 2
145 0
918 3
146 0
549 1
550 1
946 0
947 1
147 0
948 2
949 2
552 1
553 1
107 1
555 1
950 0
512 2
951 0
148 2
149 3
557 2
150 1
558 2
151 0
560 3
952 1
953 3
561 1
736 0
562 2
563 2
564 0
152 3
565 1
566 0
954 3
567 0
568 0
975 0
955 1
956 1
957 3
153 0
570 0
571 1
572 1
959 0
154 3
960 0
1100 1
961 0
573 0
155 0
575 0
604 0
156 0
127 3
963 3
67 3
576 1
400 3
577 3
922 3
964 0
965 2
69 1
578 2
579 0
304 1
580 3
968 2
581 0
582 0
583 0
584 3
585 3
158 2
551 1
969 1
249 2
970 3
794 0
972 2
586 2
160 1
973 0
332 1
974 3
162 1
163 1
164 3
976 0
728 1
165 1
977 0
34 1
166 2
587 0
588 2
1180 3
589 0
168 3
169 3
980 2
981 2
170 1
798 1
982 1
983 1
590 1
591 1
188 0
985 3
305 0
592 3
171 1
172 2
173 1
593 2
989 3
990 0
594 2
991 1
174 0
595 0
175 3
596 1
597 0
23 0
992 1
993 2
994 3
995 2
598 3
996 3
599 3
179 3
997 0
180 3
181 0
600 3
830 2
601 2
998 3
183 1
231 0
307 2
603 2
1032 0
184 1
999 1
605 2
848 1
186 2
606 2
187 2
1000 1
22 1
167 2
189 0
190 3
191 2
1001 1
193 3
608 1
609 2
1003 2
750 0
194 0
610 3
611 3
182 2
612 1
1006 3
196 1
613 3
535 1
1007 2
1131 2
405 2
197 1
198 3
615 0
199 1
200 0
201 2
616 3
202 3
195 0
203 0
617 0
204 0
1009 0
1105 1
205 0
206 1
751 0
207 1
618 1
1005 1
619 1
208 3
620 0
1012 3
1013 2
621 3
134 0
210 0
623 3
624 1
1014 1
211 0
1015 2
1016 0
1017 2
627 2
628 0
856 0
1018 1
629 1
1058 3
212 3
630 3
631 2
213 3
214 3
74 1
632 3
614 0
1021 2
858 2
634 0
1022 1
215 3
635 1
259 0
636 0
217 1
637 3
1024 0
219 2
76 3
220 0
638 2
1025 0
640 3
221 1
641 0
805 1
1027 0
642 0
223 3
224 1
643 1
936 0
17 2
755 0
225 2
644 0
1029 2
645 3
226 2
871 2
646 2
1030 3
648 3
227 0
649 0
228 0
1031 0
229 0
24 1
679 1
230 0
409 1
341 1
1033 1
232 2
233 3
234 1
1035 0
1036 1
235 1
1037 2
682 0
236 0
651 1
652 0
653 1
81 1
237 0
654 0
655 1
352 1
1039 1
938 2
239 0
1040 1
656 0
657 3
240 1
602 0
241 2
658 0
659 1
1043 3
264 1
660 0
1044 2
661 2
412 1
243 1
1045 3
685 0
662 1
663 3
344 2
1046 3
84 3
1146 2
1008 3
664 2
1047 2
1048 2
1049 2
940 2
266 3
1050 1
19 2
1051 3
807 2
811 1
666 2
667 2
668 0
248 2
669 2
687 0
1053 1
1054 2
671 1
250 3
251 2
252 1
688 1
626 1
343 0
253 1
254 1
672 3
942 2
862 2
1056 1
1057 2
255 1
674 1
675 3
676 2
677 1
258 2
1150 2
943 1
678 0
1059 3
260 3
261 2
262 0
1060 2
680 0
681 0
944 1
263 1
683 1
1062 3
684 3
265 1
1063 3
548 1
1064 3
267 2
1065 3
809 2
268 2
689 3
1066 1
690 2
269 2
1152 2
270 1
271 0
272 1
691 1
1067 1
1068 1
866 2
273 2
274 0
1069 1
275 2
1070 1
1071 1
276 2
694 2
695 3
277 1
697 0
698 1
699 3
280 0
1073 2
281 3
700 3
20 0
282 2
1074 0
284 2
1010 2
701 2
285 2
692 3
1011 3
1075 2
287 1
702 2
110 1
1076 0
703 0
1077 0
704 1
1078 1
289 1
445 1
290 0
1079 3
705 3
292 0
209 0
347 0
294 1
706 2
1080 3
295 0
296 2
1081 2
297 0
92 2
707 3
298 0
88 3
622 1
709 3
111 2
300 1
554 2
1097 1
301 3
1148 3
422 0
302 0
1082 2
625 0
710 2
696 3
1083 3
1084 2
1085 2
1086 1
872 2
1087 3
306 0
711 3
556 2
308 0
1088 1
712 2
309 3
713 2
1089 2
310 0
311 3
714 3
1090 2
715 3
313 0
314 0
315 2
717 2
316 2
317 0
238 3
318 3
518 2
718 3
319 3
91 2
1092 2
320 3
355 2
720 1
321 3
426 0
721 2
722 2
322 3
834 0
323 2
324 2
60 3
1093 3
559 3
665 1
325 1
724 3
1094 1
326 0
1095 2
1096 1
328 0
185 2
725 2
330 2
331 3
847 3
727 1
333 2
334 0
729 1
283 2
731 3
335 1
336 1
337 2
1098 2
1118 3
338 3
732 3
733 3
734 3
1099 3
716 2
838 3
1101 3
1102 2
737 0
831 0
1103 3
278 2
339 3
1104 2
738 2
1072 2
1106 2
739 2
340 1
246 2
1107 1
1108 1
1019 3
257 3
1004 3
26 0
342 0
1142 2
740 2
1020 3
742 1
743 0
1109 3
744 1
1110 3
1111 3
1112 2
345 3
1113 1
741 3
745 3
633 0
792 0
1114 1
746 0
361 1
346 3
747 1
748 2
749 3
735 3
1115 0
348 3
349 3
350 2
351 3
880 3
752 3
1116 3
50 3
753 2
1117 2
354 3
569 0
754 3
288 1
356 1
357 1
756 1
958 1
410 1
757 2
758 3
723 2
1061 3
358 3
793 1
359 2
242 3
216 0
360 1
986 2
498 1
362 0
363 3
364 3
1119 3
1120 3
365 1
2 1
823 2
759 0
760 0
256 0
761 0
762 2
1023 1
763 3
218 3
764 1
1122 1
369 0
370 2
766 2
371 1
673 0
366 3
372 1
767 2
279 2
367 0
768 1
726 3
368 3
373 0
769 0
374 2
1121 3
293 2
375 1
770 1
771 2
376 3
772 2
377 1
378 3
465 3
379 1
639 0
773 2
450 0
774 1
291 3
574 2
775 2
888 3
962 3
442 2
382 0
383 3
776 3
777 0
778 0
779 2
386 0
387 0
1026 3
388 2
536 2
389 3
1123 1
391 0
392 1
607 1
829 1
782 2
393 0
1124 0
783 1
394 0
784 0
502 2
395 1
785 2
396 0
397 3
1162 3
443 1
398 3
1159 3
444 1
786 1
787 0
503 3
161 2
1125 0
399 3
788 1
1052 2
789 3
790 0
988 3
791 0
384 0
0 2
1 3
401 2
97 3
795 0
796 1
3 3
4 2
5 3
222 1
402 3
157 3
390 0
799 2
800 1
38 1
801 0
802 1
6 3
404 3
7 3
803 1
804 1
8 3
9 3
10 3
11 2
448 1
406 0
12 3
13 3
14 3
247 2
407 3
15 3
506 2
408 2
16 3
1164 3
833 0
899 3
806 2
1126 0
18 2
438 2
411 3
966 1
413 2
414 3
693 2
415 3
967 2
449 3
416 2
708 3
808 0
417 3
418 2
70 1
419 3
420 0
1149 1
730 2
797 0
1166 3
780 3
810 2
421 1
507 1
423 1
424 1
425 1
299 1
812 2
813 1
21 0
427 2
814 1
428 2
815 2
816 1
429 1
430 0
647 0
25 1
431 1
432 0
836 0
540 1
286 3
27 0
817 0
28 0
29 0
819 2
820 1
765 3
435 2
30 1
436 1
1127 2
437 0
31 0
32 2
33 3
824 3
439 0
825 2
826 1
440 2
441 3
35 0
827 2
828 3
380 0
1128 3
686 2
36 1
1129 2
1130 2
891 3
37 2
670 0
381 2
1132 2
446 2
447 1
159 1
39 0
1170 3
832 1
650 2
835 2
1171 3
40 2
451 0
452 0
1134 3
453 1
1172 3
329 3
42 3
43 1
454 0
455 0
837 3
44 2
1133 2
